0 0.4445852951829045 0.40836653386454164 0.08964143426294811 0.10865628395508865
0 0.5308312205722562 0.4088192683810211 0.08013400941687789 0.10593987685621149
0 0.5688609199565371 0.4934806229626944 0.08556682361463243 0.1104672220210068
0 0.4822754436798259 0.5052517203911624 0.08624592538935155 0.11408909815284324
0 0.6238681637088007 0.5668236146323793 0.0814922129663165 0.11590003621876122
0 0.6058719666787392 0.6727634914885907 0.09711155378486062 0.10684534588917052
0 0.5461110105034404 0.6021369069177831 0.09032053603766749 0.11046722202100696
0 0.44118978630930794 0.601231437884824 0.08964143426294811 0.10865628395508865
0 0.4934806229626944 0.7040021731256787 0.07062658457080766 0.13129300977906547
0 0.416742122419413 0.6877037305324154 0.08692502716407091 0.12042738138355664
