0 0.4686808322266488 0.3535856573705178 0.08632138114209821 0.11620185922974771
0 0.546287073926516 0.46868083222664886 0.09047144754316057 0.1316954404603807
0 0.4338202744577245 0.4305002213368746 0.08798140770252323 0.1106684373616644
0 0.3844344842850817 0.532315183709606 0.07553120849933605 0.1305887560867641
0 0.29686808322266484 0.5621956617972553 0.09794156706507304 0.11509517485613112
0 0.39148959716688786 0.693891102257636 0.08798140770252323 0.1173085436033643
0 0.5010513501549356 0.5981629039397962 0.08466135458167319 0.10956175298804781
0 0.6409085878707391 0.5754758742806549 0.09213147410358545 0.1305887560867641
0 0.5371569278441786 0.7315183709606018 0.08051128818061085 0.12173528109783067
0 0.45498561310314284 0.769698981850376 0.09545152722443562 0.11620185922974771
