0 0.3622275603468477 0.34333255214436365 0.09052027185376132 0.13123974689477375
0 0.5107511131942815 0.3316147176001874 0.08173189594562925 0.1242090461682681
0 0.6351066322943519 0.4077806421373329 0.09491445980782737 0.11014764471525662
0 0.5700726505741737 0.472814623857511 0.08261073353644247 0.11600656198734466
0 0.5999531286618232 0.5870635106632293 0.08085305835481604 0.12186547925943271
0 0.5133876259667212 0.5753456761190531 0.09403562221701428 0.1288961799859387
0 0.44264119990625717 0.7165455823763767 0.09842981017108043 0.1206936958050151
0 0.3477267400984297 0.5753456761190531 0.09842981017108031 0.12420904616826793
0 0.41144246543238794 0.5073822357628309 0.08524724630888209 0.10077337707991557
0 0.48746191703773123 0.45348019685962015 0.0861260838996953 0.1265526130771033
