0 0.6378433633885507 0.5341790731809601 0.09986370308240716 0.10379534493604523
0 0.5953816313692595 0.42356888236527557 0.09514573285804143 0.12581253931641848
0 0.5253984063745017 0.6557978611868314 0.09357307611658627 0.12895785279932878
0 0.38936359823862426 0.6505556720486472 0.09200041937513098 0.11637659886768717
0 0.45541518137974396 0.5855525267351644 0.08885510589222054 0.11847347452296073
0 0.4994495701404904 0.4896204655063953 0.09357307611658627 0.1153281610400504
0 0.37678234430698243 0.5326064164395049 0.09042776263367583 0.11742503669532395
0 0.4117739568043613 0.426714195848186 0.08649612078003767 0.11323128538477668
0 0.3292094778779617 0.44244076326273835 0.0786328370727615 0.11742503669532395
0 0.49591109247221615 0.376913399035437 0.0975047179702243 0.11847347452296073
