0 0.6674690128375385 0.46812749003984044 0.0738711819389109 0.12173528109783101
0 0.6118581230633021 0.5638556883576802 0.10043160690571042 0.10734838424081462
0 0.5072764497565293 0.6651173085436032 0.0971115537848605 0.1128818061088976
0 0.5458720672864097 0.3325586542718016 0.09130146082337301 0.11177512173528101
0 0.5006363435148294 0.42054006197432475 0.10043160690571042 0.11288180610889764
0 0.49109119079238583 0.5317618415227975 0.09130146082337313 0.10956175298804781
0 0.40725984949092503 0.396746347941567 0.08300132802124831 0.11398849048251436
0 0.40725984949092503 0.5572155821159803 0.09628154050464806 0.10956175298804781
0 0.27030765825586534 0.41998671978751645 0.09296148738379816 0.10513501549358127
0 0.3474988933156262 0.4598273572377157 0.08134130146082329 0.1184152279769809
