0 0.49551792828685237 0.6605158314111971 0.09986370308240716 0.0985531557978612
0 0.6185783183057243 0.5766408052002513 0.09593206122876925 0.12371566366114492
0 0.6303732438666385 0.46550639547074835 0.10379534493604506 0.09645628014258747
0 0.5969542881107147 0.3779618368630739 0.08256447892639965 0.09331096665967699
0 0.5092786747745857 0.558293143216607 0.11637659886768709 0.10169846928077168
0 0.502201719438037 0.44506185783183044 0.12109456909205282 0.10798909624659266
0 0.4117739568043613 0.5520025162507861 0.07391486684839589 0.13315160410987623
0 0.45816733067729065 0.35279932899979016 0.07706018033130634 0.10169846928077168
0 0.3929020759068986 0.4319563849863701 0.09121409100440328 0.09645628014258747
0 0.33196162717550837 0.47808764940239024 0.07941916544348908 0.1362969175927867
