0 0.5880888211858446 0.32634169205530805 0.09579329739864063 0.10194516053433318
0 0.5771033513006795 0.43824701195219107 0.07206468244668392 0.11483477853292706
0 0.654001640496836 0.4610967893133348 0.0870049214905085 0.10194516053433335
0 0.6834426997890788 0.5689008671197561 0.08261073353644247 0.12538082962268554
0 0.6008319662526364 0.5835481602999764 0.07733770799156323 0.18045465198031385
0 0.5252519334426996 0.6087415045699552 0.0861260838996953 0.17928286852589623
0 0.4852648230606982 0.5314037965783921 0.08348957112725568 0.09960159362549796
0 0.4729610967893132 0.42887274431685 0.07118584485587053 0.12186547925943275
0 0.40309350831966234 0.3509491445980782 0.08436840871806887 0.0878837590813217
0 0.40968479025076154 0.48043121631122554 0.0870049214905085 0.09842981017108035
