0 0.5625226367258239 0.26439695762404924 0.16162622238319452 0.2281781963056863
0 0.7180369431365446 0.3639985512495472 0.19286490402028253 0.21006881564650492
0 0.8484244838826512 0.6519377037305324 0.1765664614270193 0.2318000724375226
0 0.6609923940601231 0.7877580586743934 0.17928286852589623 0.24628757696486786
0 0.6548804780876493 0.5659181455994204 0.21867077145961614 0.20463600144875052
0 0.4952915610286128 0.746106483158276 0.1575516117348787 0.26439695762404924
0 0.31872509960159356 0.7542557044549075 0.19558131111915975 0.25172039116262235
0 0.3873143788482433 0.5659181455994204 0.14261137269105392 0.20463600144875052
0 0.46812749003984055 0.41198840999637815 0.18743208982252813 0.25896414342629487
0 0.2596432452010141 0.4273813835566824 0.1779246649764578 0.2716407098877219
