0 0.5809262948207169 0.48207171314741015 0.05079681274900401 0.06573705179282875
0 0.5749501992031869 0.6000996015936253 0.052290836653386505 0.06872509960159376
0 0.5719621513944221 0.663844621513944 0.05378486055776882 0.06673306772908359
0 0.5024900398406372 0.5791832669322707 0.04930278884462157 0.06872509960159359
0 0.415836653386454 0.6494023904382467 0.050796812749003946 0.06573705179282875
0 0.4546812749003982 0.5771912350597608 0.05229083665338644 0.06673306772908376
0 0.4793326693227089 0.49203187250996 0.050796812749003946 0.0697211155378486
0 0.37811254980079667 0.5662350597609559 0.054531872509960076 0.07270916334661343
0 0.40239043824701176 0.5064741035856571 0.04631474103585656 0.060756972111553745
0 0.41322211155378474 0.44223107569721093 0.054531872509960076 0.06772908366533875
