0 0.48752905046480727 0.6665006640106239 0.05664840637450203 0.06640106241699864
0 0.5575614209827355 0.5810092961487382 0.054780876494023904 0.06142098273572381
0 0.42309926958831323 0.5855743691899069 0.04980079681274898 0.06391102257636114
0 0.48472775564409015 0.5810092961487382 0.05353585657370511 0.06474103585657376
0 0.5388861221779546 0.5046480743691897 0.04980079681274898 0.06474103585657376
0 0.5675215803452853 0.4573373173970782 0.05104581673306771 0.0697211155378486
0 0.49219787516600244 0.5175132802124832 0.04855577689243031 0.0655710491367862
0 0.4666749667994686 0.47020252324037176 0.04731075697211152 0.06225099601593625
0 0.47414508632138097 0.4079515272244355 0.054780876494023904 0.07387118193891098
0 0.40411271580345276 0.4340969455511287 0.045443227091633516 0.0630810092961487
