0 0.4957094698130553 0.31834201654918776 0.0505669629175605 0.058994790070487274
0 0.5695487281642658 0.4033864541832668 0.04424609255286533 0.0697211155378486
0 0.4233067729083664 0.41219736438859933 0.05171621207477784 0.059760956175298745
0 0.4649670548574929 0.4976248850750842 0.031604351823475235 0.07738277658596385
0 0.4342246399019306 0.5064357952804166 0.039074471345387746 0.06895494943303712
0 0.5758695985289608 0.5374655225252833 0.03390285013790991 0.08351210542445599
0 0.5393809377873121 0.5271222801103277 0.04826846460312595 0.03984063745019906
0 0.5442652467054856 0.5792215752375113 0.02930585350904081 0.07508427827152925
0 0.44140744713453867 0.5780723260802941 0.05573858412503821 0.049800796812749064
0 0.4991572172847072 0.5853509040760035 0.058611707018081494 0.04903463070793743
