0 0.518046860178334 0.40504648074369176 0.057626636311895185 0.04932650350977048
0 0.5123553405425912 0.44963005122367655 0.060472396129766584 0.043634983874027755
0 0.35975147030923904 0.4297097324985769 0.04695503699487758 0.07019540884082719
0 0.4177338265983682 0.45437298425346206 0.032014797951052935 0.07019540884082702
0 0.47768695333608074 0.5046480743691897 0.05724229518706786 0.0550180231455132
0 0.5130667804970591 0.5563460443938529 0.0490893568582811 0.07493834187061273
0 0.5557531777651297 0.6005207413367873 0.057626636311895185 0.05325168946545514
0 0.41970050831158107 0.5261711773595272 0.04018409122132152 0.06182167880203321
0 0.37822846544855043 0.5168979255392222 0.047911801071575756 0.08036818244264321
0 0.4637484544580297 0.5780326967990106 0.05100288501167745 0.05701332600631952
