0 0.4714475431606903 0.4562701574653764 0.032726237905520816 0.08157844811231246
0 0.5066638209068486 0.4140580535002844 0.0661639157655094 0.05596660975147038
0 0.5230269398596089 0.44868146461771935 0.051935116676152505 0.04742933029785613
0 0.5521959779927904 0.49563650161259704 0.04482071713147406 0.05027509011572765
0 0.5959495351925628 0.5236198064883322 0.058338076266363066 0.06070954278125592
0 0.49385790172642735 0.5250426863972678 0.046243597040409826 0.07493834187061273
0 0.5703376968317204 0.6004553215708591 0.055492316448491785 0.04742933029785613
0 0.5116439005881234 0.5881236956934165 0.05335799658508814 0.051223676721684666
0 0.5230269398596089 0.5430658319104532 0.032014797951052935 0.07304116865869854
0 0.5692705369000187 0.5501802314551316 0.05904951622083095 0.06070954278125592
