0 0.4161614411917546 0.6300883422830416 0.053265200069288095 0.0510999480339511
0 0.38010999480339497 0.6054044690802008 0.04352156591027199 0.07794907327212884
0 0.4843668803048673 0.5694612852936081 0.04806859518447943 0.045903343149142475
0 0.5743331023731161 0.5646977308158668 0.056513078122293336 0.07448467001558981
0 0.3486055776892429 0.47159189329637957 0.04547029274207516 0.05802875454702932
0 0.433375194872683 0.4230902477048328 0.03702580980426112 0.07188636757318559
0 0.4538368266066169 0.4746232461458513 0.04287199029967089 0.08314567815693746
0 0.4814437900571625 0.49930711934869204 0.04611986835267626 0.06322535943183794
0 0.5496492291702753 0.460765633119695 0.05001732201628272 0.07794907327212884
0 0.5564697730815865 0.4997401697557594 0.044171141520873085 0.06235925861770314
