0 0.40834742869952395 0.3603234122334191 0.11428709713575365 0.08554019217248648
0 0.47779470353878584 0.41481134286383864 0.10194516053433327 0.11952191235059749
0 0.5590871806890084 0.4640262479493788 0.07294352003749693 0.13827044762127957
0 0.6342277947035385 0.4927349425826106 0.11424888680571817 0.10194516053433318
0 0.5828157956409653 0.572416217483009 0.11512772439653163 0.08085305835481604
0 0.586999826779837 0.6621340724060278 0.12082106357179985 0.10826260176684561
0 0.48371730469426627 0.6166637796639527 0.11562445868699106 0.09353888792655454
0 0.44052052658929486 0.5330850510999479 0.10977827819158142 0.08920838385588088
0 0.3512038801316472 0.5174952364455221 0.07145331716611811 0.15503204573012289
0 0.3274943703447081 0.6768577862463189 0.08899185865234702 0.14637103758877523
