0 0.5152118797537121 0.31736689605215485 0.06791017747193046 0.10050706265845703
0 0.5383013400941684 0.4065555957986235 0.07198478812024614 0.09054690329590727
0 0.479219485693589 0.4065555957986234 0.05161173487866708 0.08692502716407095
0 0.36546993842810555 0.4237595074248458 0.0672310756972111 0.08330315103223472
0 0.4265890981528429 0.41244114451285746 0.05636544730170226 0.08964143426294811
0 0.4761635277073521 0.506609923940601 0.08488772183991307 0.09869612459253899
0 0.594327236508511 0.5405650126765662 0.0672310756972111 0.08330315103223472
0 0.3994250271640708 0.5718036943136541 0.07809670409271992 0.09869612459253899
0 0.47107026439695737 0.6075697211155375 0.08420862006519371 0.10503440782325238
0 0.5393199927562474 0.5695400217312565 0.0672310756972111 0.09597971749366169
