0 0.36750724375226346 0.43371966678739565 0.09303694313654469 0.08149221296631641
0 0.42590999637812366 0.5772365085114086 0.07130568634552703 0.08783049619702998
0 0.5512042738138353 0.601231437884824 0.05432814197754441 0.10865628395508865
0 0.6123234335385727 0.5636544730170225 0.065193770373053 0.08964143426294811
0 0.494838826512133 0.5708982252806951 0.06791017747193046 0.0950742484607027
0 0.5576557406736686 0.5007243752263669 0.0631564650488954 0.09416877942774354
0 0.4809172401303873 0.4780876494023901 0.08488772183991307 0.086925027164071
0 0.6201331039478446 0.38708801159000344 0.05500724375226353 0.09326331039478444
0 0.5318498732343351 0.4210431003259687 0.0726638898949655 0.07968127490039843
0 0.4924619703006155 0.3544911264034768 0.07945490764215865 0.08239768199927557
