0 0.27589641434262946 0.3207171314741036 0.14043824701195218 0.18326693227091642
0 0.39915338645418325 0.29980079681274907 0.11802788844621516 0.22509960159362546
0 0.5754482071713147 0.29382470119521914 0.15388446215139445 0.20916334661354577
0 0.6942231075697212 0.3904382470119522 0.15239043824701196 0.18326693227091628
0 0.36329681274900394 0.49501992031872516 0.15388446215139445 0.20119521912350594
0 0.49626494023904383 0.4711155378486056 0.14790836653386458 0.20517928286852594
0 0.6157868525896414 0.5378486055776893 0.1240039840637451 0.18725099601593626
0 0.703187250996016 0.6304780876494024 0.13147410358565717 0.1812749003984064
0 0.5463147410358565 0.7490039840637451 0.14043824701195218 0.17131474103585656
0 0.43276892430278885 0.654382470119522 0.14641434262948208 0.1972111553784861
