0 0.4529382470119522 0.26394422310756976 0.15687250996015945 0.18924302788844624
0 0.6860059760956175 0.3834661354581673 0.1479083665338647 0.20517928286852594
0 0.7711653386454184 0.5278884462151395 0.15089641434262946 0.18725099601593626
0 0.5500498007968128 0.4412350597609562 0.12400398406374503 0.1852589641434263
0 0.41633466135458164 0.45916334661354585 0.13745019920318718 0.1932270916334661
0 0.6359561752988048 0.5697211155378487 0.12848605577689243 0.18725099601593626
0 0.48730079681274896 0.6045816733067729 0.13894422310756968 0.1653386454183267
0 0.5029880478087649 0.7848605577689244 0.14940239043824707 0.20318725099601595
0 0.3408864541832669 0.6513944223107571 0.1359561752988048 0.18326693227091642
0 0.23107569721115534 0.5687250996015937 0.1374501992031873 0.18525896414342624
