0 0.33789840637450197 0.6613545816733069 0.14790836653386458 0.18725099601593626
0 0.5321215139442231 0.6125498007968129 0.13894422310756968 0.1972111553784861
0 0.6643426294820717 0.6085657370517928 0.13745019920318718 0.18924302788844624
0 0.7973107569721116 0.5886454183266933 0.13745019920318718 0.18525896414342624
0 0.30054780876494025 0.46912350597609564 0.14492031872509967 0.17330677290836657
0 0.3423804780876494 0.29382470119521914 0.1419322709163347 0.20119521912350594
0 0.4402390438247012 0.43824701195219123 0.1434262948207172 0.19123505976095626
0 0.5754482071713147 0.4173306772908367 0.13595617529880494 0.20119521912350594
0 0.7046812749003984 0.4432270916334662 0.13147410358565742 0.1653386454183267
0 0.6733067729083665 0.2778884462151395 0.1434262948207172 0.18924302788844624
