0 0.620227423638778 0.4482071713147409 0.08839641434262945 0.11952191235059749
0 0.659445551128818 0.6764608233731739 0.08217131474103585 0.12118193891102255
0 0.5361885790172642 0.5112881806108898 0.09462151394422304 0.1261620185922974
0 0.5934594953519255 0.6299800796812748 0.09213147410358552 0.1112217795484727
0 0.5847443559096945 0.7569721115537849 0.09960159362549796 0.10292164674634792
0 0.5050630810092961 0.7378818061088976 0.07719123505976094 0.1377822045152723
0 0.41044156706507295 0.41583665338645415 0.07719123505976094 0.1377822045152723
0 0.455262284196547 0.5436586985391765 0.08715139442231078 0.1377822045152723
0 0.3805610889774235 0.5959495351925631 0.08466135458167331 0.14940239043824688
0 0.31208499335989365 0.5544488711819389 0.08715139442231078 0.14276228419654713
