0 0.6324701195219122 0.3784860557768923 0.08750711439954448 0.12236767216846901
0 0.682626636311895 0.5890722822993738 0.08964143426294811 0.10244735344336933
0 0.6954325554923163 0.7071713147410356 0.08964143426294811 0.13375071143995446
0 0.547097324985771 0.6929425156516789 0.08323847467273768 0.1309049516220831
0 0.45852305065452464 0.7000569151963573 0.09391007398975516 0.12236767216846901
0 0.5673733636881045 0.5897837222538416 0.10885031303357993 0.12663631189527597
0 0.5673733636881045 0.4652817302219691 0.10031303357996585 0.12236767216846901
0 0.42757541263517346 0.5805350028457597 0.10671599317017641 0.11383039271485478
0 0.4409149117814455 0.4425156516789982 0.0864399544678429 0.11952191235059749
0 0.3470048377916903 0.4595902105862264 0.09924587364826402 0.10244735344336933
