0 0.4628154050464806 0.4116865869853917 0.0876494023904382 0.13545816733067717
0 0.561918990703851 0.4043824701195218 0.10258964143426297 0.11288180610889777
0 0.6171978751660024 0.5019920318725098 0.09960159362549796 0.12217795484727755
0 0.6077357237715801 0.636122177954847 0.10856573705179273 0.1168658698539176
0 0.6286520584329348 0.7496679946879149 0.1005976095617528 0.11819389110225763
0 0.5250664010624169 0.5239043824701194 0.08266932270916327 0.13678618857901728
0 0.43492695883134114 0.5172642762284194 0.10358565737051793 0.12881806108897728
0 0.35922974767596266 0.5232403718459494 0.08167330677290845 0.13545816733067717
0 0.4817397078353252 0.6254980079681274 0.08964143426294811 0.1168658698539176
0 0.3975763612217794 0.6912350597609559 0.10458167330677288 0.1102257636122177
