0 0.5562126494023902 0.7295816733067728 0.09897908366533875 0.11952191235059749
0 0.6467878486055776 0.5876494023904382 0.07843625498007985 0.1369521912350597
0 0.5795567729083664 0.39591633466135445 0.10271414342629476 0.11703187250996015
0 0.5464081175298804 0.5502988047808764 0.08684013944223093 0.1394422310756972
0 0.45116409362549786 0.6548804780876492 0.07937001992031867 0.1369521912350597
0 0.358254482071713 0.6673306772908365 0.08403884462151398 0.13197211155378485
0 0.31063247011952183 0.5615039840637449 0.0971115537848605 0.09960159362549796
0 0.4096115537848604 0.5334910358565735 0.09897908366533863 0.10582669322709155
0 0.4096115537848604 0.4083665338645417 0.09150896414342624 0.1394422310756972
0 0.4899153386454182 0.4550547808764939 0.08590637450199198 0.12076693227091624
