0 0.6279880478087646 0.4760956175298803 0.09262948207171312 0.06573705179282875
0 0.5536603585657368 0.5199203187250994 0.0530378486055777 0.11155378486055781
0 0.5432021912350595 0.4262948207171313 0.05901394422310758 0.10956175298804781
0 0.5207918326693225 0.36404382470119506 0.0530378486055777 0.1245019920318725
0 0.4434760956175297 0.317231075697211 0.08665338645418325 0.10258964143426297
0 0.4778386454183265 0.4407370517928285 0.05229083665338644 0.11653386454183265
0 0.3893177290836652 0.48605577689243007 0.05901394422310758 0.1235059760956175
0 0.48194721115537825 0.5159362549800796 0.09188247011952187 0.07370517928286843
0 0.4442231075697209 0.5811752988047806 0.10159362549800789 0.06474103585657376
0 0.5245268924302786 0.6090637450199201 0.06050796812749008 0.10657370517928282
