0 0.48215034598448286 0.44034388760746473 0.09514573285804143 0.06710002096875649
0 0.5769029146571605 0.5540993919060597 0.10065003145313474 0.06395470748584617
0 0.5949884671838958 0.6159572237366322 0.1022226881945899 0.06185783183057246
0 0.498270077584399 0.7333822604319561 0.04403438876074648 0.13105472845460267
0 0.4974837492136714 0.6369259802893685 0.08806877752149296 0.07024533445166697
0 0.4530561962675611 0.710316628223946 0.04639337387292934 0.116376598867687
0 0.4019448521702661 0.6998322499475778 0.04796603061438451 0.13734535542042348
0 0.4746802264625705 0.5677290836653385 0.08806877752149296 0.08072971272803521
0 0.3449360452925139 0.5939400293562589 0.06762423988257488 0.12895785279932895
0 0.4263210316628222 0.5341790731809601 0.06369259802893686 0.1247641014887817
