0 0.6553547713906276 0.4970593815215327 0.06616391576550952 0.11383039271485478
0 0.5212483399734393 0.4083665338645417 0.09391007398975516 0.06545247581104147
0 0.3234680326313791 0.42022386643900567 0.05976095617529883 0.1365964712578258
0 0.5642904572187438 0.5255169797002465 0.08608423449060897 0.06260671599317028
0 0.47571618288749734 0.5369000189717319 0.05122367672168475 0.12900777841016875
0 0.5443701384936442 0.5966609751470306 0.06616391576550927 0.1062416998671977
0 0.49741510149876655 0.6393473724151012 0.10173591348890149 0.07398975526465572
0 0.3650872699677479 0.5444887118193888 0.05051223676721686 0.12900777841016875
0 0.41524378675773077 0.5596660975147029 0.06687535571997714 0.08916714095996953
0 0.39852494782773645 0.4633845570100548 0.07754695503699488 0.1033959400493265
