0 0.46209897253092874 0.4146571608303626 0.09435940448731385 0.11218284755713975
0 0.5800482281400711 0.3905430907947157 0.08020549381421672 0.11847347452296073
0 0.6346980499056403 0.5231704759907736 0.06211994128748157 0.1300062906269659
0 0.5478087649402388 0.4953868735583977 0.10851331516041092 0.10379534493604523
0 0.5375864961207798 0.654225204445376 0.07706018033130634 0.12371566366114492
0 0.3850387921996224 0.5079681274900397 0.08964143426294811 0.14153910673097073
0 0.48608198783812095 0.5540993919060597 0.10458167330677288 0.11847347452296073
0 0.4428339274481021 0.6274900398406372 0.0809918221849445 0.14573285804151817
0 0.30208114908785894 0.5845040889075276 0.08570979240931009 0.1247641014887817
0 0.38267980708743954 0.7061228769133987 0.0786328370727615 0.14363598238624445
