0 0.5118276892430277 0.37649402390438236 0.07694223107569723 0.13745019920318718
0 0.44945219123505953 0.43027888446215123 0.0717131474103586 0.1235059760956175
0 0.38595617529880455 0.4387450199203186 0.07619521912350585 0.1264940239043825
0 0.6242529880478085 0.4626494023904381 0.11205179282868515 0.1185258964143425
0 0.6817729083665336 0.5507968127490037 0.09412350597609563 0.10159362549800781
0 0.6014691235059758 0.6389442231075695 0.1113047808764939 0.09262948207171312
0 0.47821215139442214 0.6543824701195217 0.08590637450199198 0.1254980079681275
0 0.3598107569721114 0.6329681274900396 0.10009960159362538 0.13047808764940233
0 0.529008964143426 0.5483067729083663 0.08889442231075699 0.1384462151394422
0 0.4348854581673305 0.5428286852589639 0.10532868525896415 0.10358565737051781
