0 0.3868350128896178 0.42828685258964133 0.08173189594562925 0.15584719943754388
0 0.5089934380126551 0.3913756737754862 0.09403562221701428 0.0937426763534098
0 0.6025896414342627 0.3890321068666509 0.09842981017108043 0.11014764471525662
0 0.630273025544879 0.4722287321303022 0.0993086477618934 0.09608624326224514
0 0.4646121396765876 0.4745722990391375 0.10018748535270686 0.1078040778064214
0 0.5340403093508317 0.544293414576986 0.08261073353644247 0.15584719943754388
0 0.6359854698851649 0.6286618232950548 0.07909538317318963 0.1394422310756972
0 0.4307768924302787 0.572416217483009 0.09755097258026724 0.09725802671666274
0 0.4703245840168735 0.6638153269275836 0.07470119521912348 0.12069369580501527
0 0.5617236934614481 0.6720178111085069 0.10809702367002572 0.09960159362549796
