0 0.4525943843672925 0.41310946689432726 0.05904951622083095 0.11288180610889777
0 0.4038607474862453 0.5098653007019539 0.052646556630620386 0.09960159362549796
0 0.5087981407702521 0.4515272244355908 0.051935116676152505 0.08157844811231263
0 0.5650018971732117 0.47951052931132593 0.05904951622083095 0.07683551508252691
0 0.5699819768544865 0.5639347372415099 0.05051223676721686 0.09391007398975525
0 0.5881236956934165 0.6455131853538225 0.06545247581104158 0.07873268829444126
0 0.4995494213621702 0.5131853538228038 0.07185543540125207 0.07398975526465572
0 0.4422785050275088 0.5430658319104532 0.044109277177006176 0.09580724720166943
0 0.5066638209068486 0.5923923354202236 0.07185543540125207 0.059760956175298745
0 0.4799848226143044 0.6497818250806295 0.058338076266363066 0.07778410168848408
