0 0.5171704486402215 0.41875974363415885 0.05001732201628272 0.09960159362549796
0 0.46260609734973135 0.46509613719036885 0.07989780010393215 0.07102026675905079
0 0.40089641434262935 0.4378139615451237 0.06690628789191067 0.07188636757318559
0 0.39245193140481544 0.5837519487268317 0.055213926901091386 0.10912870258098024
0 0.5100251169236097 0.5538714706391823 0.0747011952191236 0.07188636757318559
0 0.627598302442404 0.4967088169062878 0.08249610254633628 0.070154165944916
0 0.6350684219643165 0.5880824527975055 0.0493677464056815 0.09700329118309374
0 0.5947947341070499 0.6482764593798717 0.0688550147237137 0.05629655291875972
0 0.5587432877186903 0.604538368266066 0.0734020439979214 0.07102026675905079
0 0.4398709509786938 0.6162307292568853 0.06690628789191067 0.08227957734280283
