0 0.6414342629482069 0.5219123505976093 0.0672310756972111 0.07768924302788843
0 0.5648655378486053 0.5408366533864539 0.05901394422310758 0.07768924302788843
0 0.5125747011952189 0.4457171314741034 0.06200199203187258 0.08466135458167327
0 0.47970617529880455 0.513446215139442 0.06947211155378484 0.06872509960159359
0 0.5581424302788842 0.6324701195219121 0.06349601593625497 0.0697211155378486
0 0.5073456175298802 0.6610074852106721 0.06050796812749008 0.06643124471809726
0 0.4924242424242421 0.5873475793794516 0.05432814197754441 0.07968127490039843
0 0.4390015694796569 0.5921767475552334 0.05795001810938061 0.07243752263672588
0 0.4211185560787152 0.49136786188578996 0.0584027526258601 0.08330315103223472
0 0.3855788965350716 0.5882530484124107 0.0552336110105034 0.06579741639502598
