0 0.42051792828685247 0.40159362549800787 0.052589641434262945 0.07968127490039839
0 0.41005976095617513 0.4749003984063744 0.05557768924302783 0.07649402390438244
0 0.3595617529880477 0.4804780876494023 0.04661354581673306 0.08127490039840644
0 0.5014940239043822 0.4856573705179281 0.053187250996015824 0.08207171314741045
0 0.560059760956175 0.5290836653386453 0.06035856573705183 0.07649402390438244
0 0.5582669322709162 0.6247011952191234 0.04482071713147406 0.08127490039840644
0 0.46085657370517913 0.6565737051792827 0.0627490039840637 0.06852589641434276
0 0.42798804780876476 0.5912350597609559 0.06035856573705183 0.07490039840637443
0 0.515239043824701 0.5733067729083664 0.05318725099601595 0.07888446215139444
0 0.4527888446215138 0.5239043824701194 0.06454183266932259 0.0693227091633466
