0 0.600316126797159 0.4096656850857438 0.050017322016282596 0.08314567815693746
0 0.507102026675905 0.38541486228997046 0.06625671228130957 0.07275246838732022
0 0.5902477048328424 0.5296206478434088 0.06235925861770322 0.08401177897107209
0 0.5408799584271607 0.4746232461458513 0.06106010739650103 0.07794907327212884
0 0.4106400485016454 0.41486228997055247 0.06560713667070847 0.07275246838732022
0 0.4739736705352502 0.47072579248224483 0.05456435129049029 0.07708297245799405
0 0.5454269877013682 0.5720595877360123 0.04806859518447943 0.08054737571453324
0 0.49476009007448446 0.5655638316300016 0.053265200069288095 0.0866100814134765
0 0.4434436168369997 0.5391477567988913 0.05456435129049029 0.08227957734280267
0 0.4522128875801142 0.6214273341416939 0.04871817079508053 0.08227957734280267
