0 0.7322632546736131 0.496475635917867 0.17353662273980994 0.12871590560833587
0 0.6385994483604044 0.34860557768924294 0.13790989886607408 0.19460619062212692
0 0.6633083052405762 0.6435795280416794 0.11607416487894577 0.21146184492798037
0 0.5690698743487588 0.6811216671774439 0.09308918173460001 0.20686484829911136
0 0.4432270916334661 0.7094698130554704 0.17468587189702725 0.12871590560833587
0 0.4748314434569414 0.5623659209316579 0.15744713453876794 0.1777505363162733
0 0.5035626723873735 0.40913269996935336 0.15285013790989885 0.14097456328532018
0 0.43920471958320556 0.2735212994177137 0.16664112779650628 0.13331290223720504
0 0.3403692920625191 0.6052712228011032 0.11607416487894577 0.18694452957401167
0 0.3231305547042598 0.4443763407906834 0.18273061599754825 0.17468587189702722
