0 0.7212815405046478 0.6633466135458166 0.10856573705179273 0.1978751660026558
0 0.6316401062416995 0.5551128818061087 0.14840637450199193 0.14873837981407698
0 0.6062416998671977 0.7317397078353252 0.11952191235059766 0.1912350597609561
0 0.5036520584329347 0.7071713147410356 0.13944223107569723 0.18725099601593626
0 0.4229747675962814 0.590305444887118 0.11752988047808761 0.2217795484727755
0 0.5031540504648073 0.45019920318725093 0.12250996015936241 0.23373173970783523
0 0.6002656042496678 0.3891102257636121 0.10358565737051786 0.22576361221779548
0 0.40454847277556427 0.36719787516600255 0.09462151394422304 0.2217795484727755
0 0.291500664010624 0.39176626826029204 0.1314741035856574 0.13280212483399728
0 0.3054448871181938 0.5471447543160688 0.14342629482071706 0.19389110225763614
