0 0.6500468713381764 0.5636278415748768 0.1810405437075227 0.13827044762127957
0 0.6329095383173188 0.7077572064682444 0.15028122802906016 0.14530114834778524
0 0.4980079681274898 0.7382235762831026 0.15291774080149978 0.14764471525662062
0 0.38375908132177156 0.6368643074759782 0.11249121162409176 0.19334426997890788
0 0.504599250058589 0.5905788610264822 0.13270447621279577 0.16873681743613775
0 0.5344797281462385 0.432388094680103 0.17137333020857737 0.14998828216545584
0 0.3714553550503865 0.5032809936723691 0.14764471525662054 0.11366299507850945
0 0.2971935786266696 0.376142488868057 0.13973517693930154 0.1781110850714788
0 0.4298980548394655 0.35680806187016634 0.13094680103116935 0.16990860089055537
0 0.6025896414342627 0.2958753222404499 0.14940239043824696 0.14647293180220292
