0 0.6223854581673304 0.5811752988047806 0.08291832669322712 0.11454183266932265
0 0.5443227091633464 0.5463147410358564 0.08515936254980074 0.11055776892430282
0 0.46588645418326674 0.5951195219123504 0.08665338645418325 0.10657370517928282
0 0.47074203187250974 0.6932270916334659 0.09636454183266925 0.10756972111553781
0 0.34897908366533853 0.5771912350597608 0.08740039840637437 0.1205179282868525
0 0.4782121513944221 0.489043824701195 0.07395418326693234 0.10956175298804781
0 0.6010956175298802 0.4228087649402389 0.0732071713147411 0.09063745019920312
0 0.539840637450199 0.4362549800796811 0.08814741035856574 0.11354581673306766
0 0.4427290836653384 0.39392430278884455 0.08515936254980074 0.12051792828685254
0 0.3669073705179281 0.41284860557768904 0.07544820717131473 0.12649402390438247
