0 0.35308764940239024 0.38097609561752965 0.07470119521912348 0.11055776892430277
0 0.38446215139442214 0.44870517928286835 0.07918326693227086 0.09462151394422312
0 0.41508964143426275 0.5478087649402388 0.0732071713147411 0.11354581673306766
0 0.4793326693227089 0.46713147410358546 0.0717131474103586 0.10756972111553781
0 0.5353585657370515 0.5278884462151392 0.0732071713147411 0.08964143426294811
0 0.5331175298804779 0.616035856573705 0.08665338645418312 0.1025896414342628
0 0.6668326693227088 0.5692231075697209 0.09262948207171312 0.10856573705179282
0 0.6093127490039837 0.5323705179282867 0.05976095617529858 0.1045816733067728
0 0.6029631474103584 0.42978087649402374 0.06050796812748983 0.10657370517928282
0 0.5387201195219121 0.4093625498007966 0.0769422310756971 0.10557768924302781
