0 0.4810565430585349 0.6286392889978546 0.0637833282255592 0.08351210542445599
0 0.4451425068954948 0.5547042598835425 0.05976095617529883 0.07968127490039843
0 0.39687404229236883 0.5229083665338644 0.0459699662886914 0.07738277658596385
0 0.5523099908060066 0.5811369904995402 0.0672310756972111 0.0789151087955868
0 0.4264672080907139 0.48000306466441905 0.05229083665338644 0.08351210542445599
0 0.6215522525283479 0.5581520073551944 0.06665645111860236 0.07585044437634089
0 0.5951195219123503 0.46659515783021743 0.062059454489733254 0.06435795280416794
0 0.5422540606803553 0.512182041066503 0.06205945448973338 0.06512411890897941
0 0.48852666258044725 0.49724180202267837 0.053440085810603784 0.08427827152926763
0 0.46898942690775347 0.4359485136377565 0.05229083665338644 0.08427827152926763
