0 0.6405898146544255 0.486748657543738 0.06950459033431482 0.06928806513078119
0 0.6055127316819675 0.41313008834228293 0.05391477567988894 0.0848778797852069
0 0.5938203706911482 0.5443443616836998 0.06560713667070847 0.07708297245799405
0 0.5509483803914774 0.6002078641953922 0.04482071713147406 0.07794907327212884
0 0.5759570413996187 0.46856054044690787 0.053265200069288095 0.07448467001558966
0 0.4973583925168888 0.5612333275593278 0.06495756106010737 0.07275246838732022
0 0.5311363242681446 0.5062359258617701 0.06365840983890517 0.06495756106010737
0 0.5093755413130087 0.44864022172180834 0.0630088342283042 0.08141347652866804
0 0.46228130954443075 0.4945435648709508 0.048068595184479555 0.08834228304174609
0 0.4099904728910444 0.46899359085397524 0.05781222934349553 0.09267278711241975
