0 0.3315684629901446 0.41046340951981525 0.08177815055567207 0.12057035017823431
0 0.3972268819459004 0.4518767037114697 0.08256447892639965 0.11323128538477668
0 0.502201719438037 0.4324806039001885 0.0864961207800378 0.10589222059131877
0 0.5871251834766196 0.43038372824491494 0.08492346403858239 0.13105472845460261
0 0.6936726777102113 0.528936884042776 0.09357307611658602 0.11637659886768717
0 0.5124239882574961 0.5378486055776891 0.08492346403858252 0.11113440972950298
0 0.6441339903543716 0.6510798909624655 0.09671838959949684 0.12371566366114492
0 0.5218599287062274 0.640071293772279 0.08806877752149296 0.12057035017823443
0 0.426714195848186 0.5928915915286221 0.08964143426294811 0.12686097714405523
0 0.3425770601803312 0.5871251834766196 0.0786328370727615 0.12161878800587121
