0 0.63464890438247 0.38408864541832655 0.08964143426294811 0.11329681274900402
0 0.42875373505976083 0.2651892430278884 0.1017803784860557 0.11205179282868523
0 0.4777763944223107 0.3629233067729083 0.08964143426294811 0.11080677290836656
0 0.41474726095617515 0.4233067729083664 0.08310507968127492 0.11703187250996015
0 0.3040961155378485 0.4799551792828684 0.08403884462151398 0.1157868525896414
0 0.6369833167330676 0.5085906374501991 0.08684013944223093 0.1157868525896414
0 0.6155067231075695 0.6212649402390438 0.08684013944223093 0.11952191235059749
0 0.4819783366533863 0.5590139442231075 0.09057519920318718 0.12699203187251001
0 0.39467131474103573 0.6256225099601592 0.08403884462151398 0.12325697211155374
0 0.45910109561752976 0.6860059760956173 0.09337649402390437 0.12699203187251001
