0 0.37672838059526587 0.40074994141082715 0.08085305835481604 0.1265526130771033
0 0.46197562690414795 0.4189125849543003 0.09315678462620094 0.12303726271385049
0 0.5243730958518864 0.351535036325287 0.08964143426294811 0.1242090461682681
0 0.6034684790250759 0.282985704241856 0.09667213498945403 0.11366299507850945
0 0.6179692992734941 0.43883290367939987 0.09755097258026699 0.11835012889617988
0 0.5362374033278647 0.4745722990391374 0.0782165455823763 0.1242090461682681
0 0.6627900164049682 0.5542535739395358 0.09755097258026699 0.12186547925943271
0 0.5314037965783921 0.5929224279353174 0.09139910944457466 0.11483477853292706
0 0.45362666979142235 0.6778767283805951 0.09755097258026711 0.12772439653152093
0 0.3543180220295288 0.6761190531989686 0.09579329739864069 0.12889617998593852
