0 0.7157619521912347 0.4641434262948205 0.08441235059760961 0.12948207171314735
0 0.6249999999999998 0.43824701195219107 0.09113545816733062 0.1235059760956175
0 0.6320966135458164 0.5747011952191232 0.09487051792828688 0.1254980079681275
0 0.5514193227091632 0.3610557768924301 0.10084661354581663 0.1225099601593625
0 0.5521663346613543 0.4875498007968126 0.07694223107569723 0.12848605577689234
0 0.5327440239043821 0.6459163346613543 0.08441235059760949 0.1284860557768925
0 0.45580179282868505 0.6623505976095615 0.0814243027888446 0.1235059760956175
0 0.37661852589641415 0.6379482071713145 0.0874003984063745 0.11454183266932265
0 0.45804282868525875 0.5408366533864539 0.09038844621513938 0.1254980079681275
0 0.40799302788844605 0.4596613545816731 0.08889442231075699 0.1245019920318725
