0 0.36262843363388536 0.38687355839798687 0.07784650870203393 0.13000629062696573
0 0.4373296288530088 0.3590899559656111 0.07941916544348908 0.12266722583350798
0 0.5151761375550428 0.3795344936045291 0.08256447892639965 0.11742503669532395
0 0.5828003774376176 0.43615013629691735 0.08570979240931016 0.10903753407422942
0 0.445192912560285 0.47441811700566133 0.0904277626336757 0.10798909624659249
0 0.5796550639547073 0.5598657999580623 0.08570979240931016 0.13420004193751298
0 0.5643216607255187 0.6851541203606624 0.08806877752149296 0.12686097714405523
0 0.49276577898930574 0.558293143216607 0.07548752358985118 0.11218284755713975
0 0.46170580834556485 0.6641853638079259 0.08256447892639965 0.12057035017823443
0 0.3822866429020757 0.5451876703711468 0.08570979240931009 0.13420004193751298
