0 0.4795523787204123 0.376142488868057 0.09491445980782749 0.11014764471525662
0 0.5762245137098663 0.4048511835012889 0.0861260838996953 0.12069369580501514
0 0.5850128896179984 0.5161706116709631 0.08436840871806887 0.11835012889617988
0 0.6359854698851651 0.6022966955706583 0.09667213498945378 0.11249121162409184
0 0.5024021560815559 0.5220295289430511 0.0773377079915631 0.13241153034919137
0 0.4830677290836652 0.7024841809233652 0.08964143426294811 0.10663229435200379
0 0.3789254745722989 0.6661588938364188 0.08524724630888209 0.13709866416686198
0 0.31213381767049436 0.584719943754394 0.10985469885165214 0.11014764471525662
0 0.40924537145535494 0.4411764705882351 0.09667213498945403 0.11131942816967423
0 0.4241856104991796 0.5507382235762829 0.0878837590813217 0.11014764471525662
