0 0.3339274481023274 0.49119312224785044 0.0975047179702243 0.11847347452296073
0 0.42396204655063935 0.37481652338016336 0.09200041937513098 0.12266722583350798
0 0.39919270287271946 0.5834556510798907 0.09435940448731385 0.12057035017823427
0 0.49630425665757993 0.6007548752358983 0.09986370308240716 0.11742503669532395
0 0.6622195428811068 0.5189767246802263 0.09986370308240716 0.11952191235059749
0 0.539159152862235 0.4613126441602011 0.09435940448731385 0.11952191235059749
0 0.4510903753407421 0.4859509331096664 0.0912140910044034 0.10169846928077168
0 0.6425613336129165 0.41413294191654415 0.0920004193751311 0.10065003145313486
0 0.5128171524428599 0.34074229398196676 0.07470119521912348 0.12581253931641848
0 0.6008859299643529 0.3229188509121408 0.098291046340952 0.11532816104005024
