0 0.4168850912140908 0.327112602222688 0.09357307611658627 0.11113440972950298
0 0.5289368840427761 0.3758649612078002 0.07391486684839577 0.1394422310756972
0 0.6099287062277203 0.3690501153281609 0.08492346403858264 0.104843782763682
0 0.5938089746278042 0.4859509331096664 0.07470119521912354 0.13105472845460267
0 0.5725781086181587 0.5934158104424405 0.07312853847766819 0.12371566366114492
0 0.5210736003354999 0.5163556301111342 0.07076955336548545 0.12686097714405523
0 0.4648511218284754 0.4434892010903751 0.07627385196057876 0.12581253931641848
0 0.37009855315579765 0.4172782553994546 0.12109456909205282 0.09645628014258747
0 0.43025267351646024 0.6699517718599284 0.09986370308240716 0.09226252883204022
0 0.4499108827846506 0.5750681484587962 0.08413713566785481 0.09750471797022425
