0 0.4628707392651614 0.3746126604692341 0.08964143426294811 0.16046923417441344
0 0.5350818946436474 0.4598273572377157 0.06972111553784868 0.11398849048251436
0 0.5877877379371401 0.5350818946436474 0.0655710491367862 0.1339088092076139
0 0.5769975652943778 0.6501770694997784 0.09047144754316062 0.09185480301018148
0 0.5081064630367417 0.5782425852146965 0.10209163346613542 0.10070827799911472
0 0.3408587870739264 0.443227091633466 0.09296148738379816 0.10292164674634792
0 0.4367253209384682 0.46812749003984044 0.10209163346613542 0.1305887560867641
0 0.3960546702080565 0.558322266489597 0.10707171314741035 0.1051350154935811
0 0.44004537405931815 0.6684373616644531 0.07055112881806112 0.12837538733953074
0 0.3524789729969012 0.6518370960602035 0.07138114209827356 0.12173528109783084
