0 0.18924302788844619 0.3794820717131475 0.17629482071713148 0.24103585657370527
0 0.2430278884462151 0.6225099601593627 0.16135458167330685 0.2689243027888447
0 0.38794820717131473 0.7091633466135459 0.15239043824701196 0.3067729083665339
0 0.3401394422310757 0.34860557768924305 0.14043824701195218 0.2709163346613547
0 0.5403386454183267 0.75 0.15239043824701196 0.2569721115537849
0 0.7928286852589641 0.6474103585657371 0.15836653386454172 0.25896414342629487
0 0.8301792828685259 0.31573705179282874 0.15537848605577695 0.23306772908366538
0 0.6621015936254979 0.5348605577689244 0.18376494023904374 0.249003984063745
0 0.6665836653386454 0.299800796812749 0.16882470119521922 0.22111553784860555
0 0.4813247011952191 0.5079681274900398 0.174800796812749 0.247011952191235
0 0.4932768924302789 0.26394422310756976 0.174800796812749 0.249003984063745
