0 0.5844123505976097 0.45517928286852594 0.17181274900398416 0.17330677290836657
0 0.776394422310757 0.5268924302788845 0.2121513944223108 0.2330677290836653
0 0.6800298804780878 0.2878486055776892 0.18376494023904374 0.22908366533864535
0 0.6852589641434262 0.7151394422310758 0.1464143426294822 0.254980079681275
0 0.41409362549800793 0.7778884462151395 0.14790836653386458 0.245019920318725
0 0.2661852589641434 0.652390438247012 0.1927290836653387 0.23705179282868533
0 0.5373505976095618 0.6593625498007969 0.14940239043824696 0.250996015936255
0 0.375996015936255 0.48904382470119534 0.18227091633466136 0.23306772908366535
0 0.4910358565737052 0.2629482071713148 0.14940239043824707 0.25498007968127484
0 0.33117529880478086 0.24003984063745024 0.1703187250996016 0.2649402390438247
