0 0.7136454183266933 0.7081673306772909 0.1643426294820717 0.25697211155378485
0 0.7412848605577689 0.4880478087649403 0.17181274900398422 0.26294820717131473
0 0.7562250996015936 0.24402390438247015 0.1508964143426297 0.24103585657370516
0 0.5388446215139442 0.43525896414342635 0.18525896414342638 0.17330677290836657
0 0.5620019920318726 0.6583665338645419 0.15089641434262963 0.2689243027888447
0 0.411105577689243 0.6772908366533865 0.15089641434262946 0.28286852589641437
0 0.2766434262948207 0.546812749003984 0.18077689243027886 0.2290836653386453
0 0.26469123505976094 0.31972111553784865 0.1329681274900398 0.24103585657370524
0 0.5874003984063745 0.24900398406374505 0.174800796812749 0.1952191235059761
0 0.4125996015936255 0.2629482071713148 0.17778884462151398 0.2709163346613545
