0 0.6781208499335988 0.26145418326693226 0.17181274900398422 0.1709827357237716
0 0.7254316069057104 0.5793492695883133 0.14691235059760938 0.19920318725099592
0 0.6774983399734394 0.7187915006640105 0.12076693227091632 0.2755644090305446
0 0.5579764276228419 0.7337317397078352 0.15313745019920322 0.21248339973439573
0 0.5523738379814076 0.571879150066401 0.194223107569721 0.1643426294820717
0 0.3811835989375829 0.5602589641434262 0.14566733067729082 0.16766268260292166
0 0.6034196547144753 0.4141766268260292 0.14940239043824696 0.17430278884462155
0 0.46646746347941553 0.422476759628154 0.14691235059760963 0.1643426294820717
0 0.40483897742363867 0.2158034528552457 0.12325697211155379 0.1792828685258964
0 0.5287184594953518 0.22576361221779545 0.12450199203187258 0.17264276228419653
