0 0.5509628154050463 0.7815405046480741 0.12450199203187245 0.18725099601593626
0 0.6281540504648071 0.6513944223107568 0.14342629482071712 0.18725099601593626
0 0.3970783532536519 0.7038512616201857 0.13545816733067725 0.20717131474103578
0 0.270086321381142 0.6281540504648072 0.12450199203187245 0.2363877822045151
0 0.35375166002656033 0.5212483399734394 0.14442231075697204 0.20053120849933603
0 0.46729747675962796 0.5205843293492695 0.1424302788844621 0.1885790172642762
0 0.36819389110225753 0.3320053120849933 0.16334661354581664 0.17795484727755637
0 0.6057436918990703 0.47144754316069043 0.18027888446215132 0.15936254980079687
0 0.7372177954847275 0.3705179282868525 0.1264940239043825 0.22310756972111545
0 0.6042496679946877 0.3047808764940238 0.13745019920318718 0.18990703851261614
