0 0.46279169038133167 0.791832669322709 0.13019351166761525 0.19208878770631746
0 0.6804923164484915 0.7320717131474102 0.16647694934547536 0.1721684689812181
0 0.6874288560045531 0.5670176437108707 0.1291263517359133 0.1778599886169608
0 0.7493241320432553 0.42046101309049505 0.14406659077973807 0.16932270916334655
0 0.5689741035856571 0.6132612407512804 0.12912635173591355 0.23335230506545243
0 0.4355791121229367 0.615395560614684 0.1632754695503699 0.180705748434832
0 0.5940523619806486 0.41050085372794526 0.1429994308480365 0.1750142287990893
0 0.3235273192942515 0.45959021058622646 0.12272339214570288 0.2418895845190665
0 0.46972822993739316 0.4467842914058053 0.1333949914627205 0.1650540694365396
0 0.5599032441661922 0.19778030734206029 0.1344621513944223 0.1878201479795105
0 0.4371798520204893 0.26892430278884455 0.12165623221400106 0.23335230506545243
0 0.32246015936254974 0.1878201479795105 0.12485771200910639 0.18497438816163914
