0 0.3976593625498007 0.24501992031872513 0.17778884462151398 0.20717131474103587
0 0.5620019920318725 0.2539840637450199 0.15388446215139445 0.20916334661354577
0 0.6987051792828685 0.3266932270916335 0.14043824701195218 0.20318725099601595
0 0.7128984063745021 0.5358565737051793 0.17181274900398422 0.21115537848605578
0 0.5560258964143425 0.47211155378486064 0.15388446215139445 0.23107569721115534
0 0.6374501992031874 0.6972111553784861 0.1643426294820717 0.19123505976095626
0 0.4686254980079681 0.6782868525896415 0.17928286852589648 0.22509960159362546
0 0.4028884462151394 0.4671314741035857 0.15836653386454183 0.24501992031872516
0 0.20194223107569717 0.4262948207171315 0.1568725099601594 0.21912350597609562
0 0.27813745019920316 0.603585657370518 0.16583665338645423 0.19920318725099592
