0 0.7920816733067729 0.4651394422310758 0.15388446215139445 0.2250996015936256
0 0.6837649402390438 0.600597609561753 0.15836653386454172 0.22111553784860563
0 0.5448207171314741 0.7768924302788845 0.16733067729083673 0.20318725099601595
0 0.3961653386454183 0.7450199203187252 0.13894422310756968 0.21513944223107562
0 0.33491035856573703 0.5607569721115538 0.15687250996015933 0.21713147410358563
0 0.5119521912350598 0.5737051792828686 0.1733067729083665 0.21912350597609562
0 0.6127988047808766 0.38545816733067734 0.17778884462151398 0.2131474103585658
0 0.27813745019920316 0.3595617529880479 0.16583665338645423 0.19322709163346619
0 0.4320219123505976 0.398406374501992 0.15687250996015933 0.21513944223107567
0 0.5186752988047809 0.20916334661354585 0.1628486055776892 0.2310756972111554
