0 0.7106573705179283 0.36752988047808766 0.15537848605577695 0.17330677290836657
0 0.6613545816733067 0.5567729083665339 0.15836653386454172 0.22908366533864546
0 0.46489043824701193 0.4103585657370518 0.180776892430279 0.21912350597609562
0 0.6105577689243028 0.7649402390438247 0.16733067729083673 0.20717131474103595
0 0.46937250996015933 0.8237051792828686 0.15388446215139445 0.21713147410358563
0 0.322211155378486 0.7450199203187252 0.17928286852589648 0.20318725099601595
0 0.47908366533864544 0.6095617529880479 0.1643426294820717 0.20318725099601595
0 0.30428286852589637 0.34462151394422313 0.1643426294820717 0.20318725099601595
0 0.31772908366533864 0.550796812749004 0.1703187250996016 0.20916334661354594
0 0.17355577689243026 0.4770916334661355 0.15388446215139445 0.24900398406374505
