0 0.776394422310757 0.45717131474103595 0.15239043824701196 0.1852589641434263
0 0.6673306772908367 0.5846613545816733 0.1494023904382472 0.2131474103585658
0 0.5358565737051793 0.754980079681275 0.1733067729083665 0.19920318725099592
0 0.6142928286852589 0.37450199203187257 0.16583665338645423 0.21912350597609562
0 0.5119521912350598 0.555776892430279 0.1643426294820717 0.1952191235059761
0 0.37076693227091634 0.6643426294820718 0.174800796812749 0.1972111553784861
0 0.31772908366533864 0.4830677290836654 0.15836653386454183 0.21713147410358563
0 0.1690737051792828 0.48406374501992033 0.14790836653386458 0.23904382470119528
0 0.44995019920318724 0.33366533864541836 0.17778884462151398 0.2131474103585658
0 0.2953187250996016 0.2300796812749004 0.16135458167330674 0.22908366533864546
