0 0.5344099791310943 0.6630620375640293 0.05620375640295967 0.07398975526465572
0 0.6660263707076453 0.5098653007019539 0.05904951622083095 0.07873268829444126
0 0.5838550559666094 0.5089167140959967 0.04980079681274898 0.06545247581104147
0 0.5468601783342817 0.553025991273003 0.056915196357427304 0.07588692847656973
0 0.5198254600645036 0.4254410927717699 0.04980079681274898 0.06924682223487001
0 0.47678334281919915 0.5013280212483398 0.04766647694934546 0.06734964902295582
0 0.4885221020679186 0.5947638019351165 0.048377916903813344 0.06829823562891299
0 0.4440571049136784 0.6118383608423446 0.05051223676721686 0.07019540884082702
0 0.3675773098083853 0.5487573515461959 0.038417757541263496 0.06545247581104147
0 0.40955226712198806 0.5520774046670458 0.04695503699487758 0.07019540884082719
