0 0.5728474988933154 0.6485170429393534 0.05727091633466124 0.07746790615316525
0 0.5151615759185478 0.6972111553784859 0.0564409030544488 0.07525453740593173
0 0.46660579902611754 0.6678840194776448 0.05229083665338644 0.07636122177954849
0 0.41929504205400603 0.7160247897299689 0.05063081009296143 0.06418769366976546
0 0.4080898627711375 0.6634572819831781 0.054780876494023904 0.06750774679061523
0 0.37613435148295693 0.6114431164231959 0.057270916334661366 0.06308100929614886
0 0.4998063302346169 0.5671757414785301 0.05229083665338644 0.0697211155378486
0 0.41597498893315615 0.5644090305444885 0.05561088977423635 0.06640106241699864
0 0.42676516157591843 0.4941345728198316 0.05229083665338632 0.06750774679061523
0 0.4927512173528108 0.4991146525011066 0.04980079681274898 0.07082779991146536
