0 0.41251660026560405 0.5577689243027888 0.034860557768924216 0.07968127490039843
0 0.5827730743691897 0.41583665338645404 0.03423804780876501 0.07968127490039843
0 0.5410649070385124 0.4212317397078352 0.049178286852589646 0.07055112881806104
0 0.6179448871181937 0.5399236387782202 0.053535856573704986 0.04565073041168667
0 0.5279921978751658 0.5627490039840636 0.046688247011952184 0.06474103585657376
0 0.5628527556440901 0.565239043824701 0.04170816733067726 0.07636122177954849
0 0.46169488711819373 0.5461487383798139 0.058515936254980035 0.04814077025232401
0 0.5006017596281539 0.4984229747675961 0.04170816733067726 0.08383134130146083
0 0.5693891102257634 0.5021580345285523 0.053535856573705236 0.05312084993359885
0 0.5345285524568392 0.4764276228419653 0.06474103585657363 0.04316069057104917
