0 0.3395347182697779 0.33437677859988607 0.12485771200910639 0.08821855435401252
0 0.4884035287421741 0.32299373932840064 0.08964143426294811 0.10813887307911205
0 0.6084590210586225 0.40338645418326685 0.11845475241889583 0.11525327262379054
0 0.6644849174729651 0.5335799658508821 0.09604439385315881 0.09960159362549796
0 0.40196357427433116 0.4439385315879339 0.09604439385315881 0.1394422310756972
0 0.5385600455321569 0.6616391576550937 0.0875071143995446 0.12805919180421174
0 0.5732427433124642 0.5364257256687535 0.10138019351166767 0.11383039271485478
0 0.47506402959590194 0.5990324416619236 0.08217131474103585 0.1451337507114399
0 0.4953400682982355 0.465993170176437 0.1141861126920888 0.10671599317017628
0 0.40089641434262935 0.5634604439385315 0.11098463289698357 0.10529311326124069
