0 0.4916168658698537 0.2848605577689242 0.12765604249667997 0.10491367861885792
0 0.5838313413014606 0.3784860557768923 0.10458167330677288 0.10889774236387775
0 0.42098273572377143 0.39110225763612205 0.07370517928286852 0.15537848605577687
0 0.4802456839309427 0.4707835325365205 0.10258964143426297 0.1261620185922974
0 0.5997675962815403 0.46613545816733054 0.10458167330677288 0.10889774236387775
0 0.3612217795484726 0.49203187250996 0.10358565737051793 0.13147410358565734
0 0.6281540504648071 0.5617529880478086 0.10358565737051781 0.09827357237715802
0 0.6266600265604247 0.6600265604249667 0.10657370517928282 0.09561752988047813
0 0.5495102921646744 0.6122177954847277 0.07179614873837979 0.16467463479415667
0 0.4648074369189905 0.6135458167330675 0.09362549800796821 0.1301460823373174
