0 0.6508687472332888 0.65626383355467 0.07055112881806112 0.16157591854803008
0 0.6039729969012836 0.444887118193891 0.12450199203187258 0.09738822487826461
0 0.5815626383355466 0.5433820274457722 0.11454183266932273 0.08853474988933152
0 0.5591522797698094 0.3746126604692341 0.1079017264276228 0.10292164674634792
0 0.5566622399291721 0.6297034085878706 0.09462151394422304 0.12173528109783084
0 0.5031263833554668 0.673417441345728 0.10043160690571042 0.13612217795484724
0 0.46826582558654256 0.5245683930942894 0.07885126162018583 0.15272244355909698
0 0.48403607791057973 0.42773351040283303 0.06225099601593629 0.12948207171314735
0 0.40891987605134994 0.443227091633466 0.09130146082337326 0.1339088092076139
0 0.36036409915891976 0.38955289951305877 0.0921314741035857 0.13280212483399728
