0 0.5847661983644367 0.6117634724260849 0.05818829943384367 0.08911721534912974
0 0.5765097504717968 0.48490249528202956 0.07627385196057876 0.09960159362549796
0 0.5222530928915913 0.5651079890962464 0.05582931432166068 0.10274690710840845
0 0.4538425246382888 0.5997064374082615 0.06526525477039213 0.10903753407422942
0 0.38936359823862426 0.5934158104424405 0.07627385196057876 0.09645628014258747
0 0.4770392115747534 0.5032501572656739 0.0786328370727615 0.10065003145313474
0 0.38975676242398805 0.512161878800587 0.06919689662403017 0.0723422101069407
0 0.41649192702872695 0.44191654434891997 0.0786328370727615 0.08282658838330877
0 0.3398249108827845 0.45659467393583547 0.06998322499475775 0.06814845879639327
0 0.467603271126022 0.3842524638288948 0.08335080729712722 0.0723422101069407
