0 0.35594464248270064 0.4172782553994546 0.05818829943384354 0.09435940448731393
0 0.4094149716921785 0.37743761794925546 0.0550429859509331 0.10065003145313474
0 0.47153491297966005 0.37167120989725294 0.06762423988257488 0.09750471797022434
0 0.5544925560914234 0.4136087230027257 0.0668379115118473 0.08702033969385618
0 0.4825435101698467 0.4377227930383727 0.0786328370727615 0.08282658838330877
0 0.5521335709792407 0.5483329838540572 0.06369259802893686 0.09226252883204022
0 0.4923726148039419 0.5242189138184103 0.0668379115118473 0.09435940448731393
0 0.40430383728244895 0.5247431327322287 0.08256447892639965 0.07863283707276167
0 0.346901866219333 0.570874397148249 0.08570979240931009 0.07443908576221424
0 0.43379115118473455 0.6091423778569928 0.07706018033130634 0.10694065841895571
