0 0.7592131474103586 0.36553784860557775 0.1419322709163347 0.1812749003984064
0 0.611304780876494 0.405378486055777 0.13894422310756968 0.1653386454183267
0 0.6860059760956175 0.5358565737051794 0.15089641434262946 0.17928286852589656
0 0.6598605577689242 0.7051792828685259 0.1464143426294822 0.17131474103585656
0 0.5007470119521913 0.6982071713147411 0.15089641434262946 0.18127490039840624
0 0.33640438247011956 0.6603585657370519 0.14492031872509967 0.18127490039840624
0 0.5074701195219123 0.5139442231075698 0.1314741035856573 0.1992031872509961
0 0.3939243027888446 0.4641434262948208 0.11653386454183265 0.18326693227091628
0 0.3386454183266932 0.2868525896414343 0.14043824701195218 0.1952191235059761
0 0.26469123505976094 0.4641434262948208 0.14790836653386458 0.17131474103585656
