0 0.5170567729083663 0.6757968127490037 0.09487051792828675 0.07470119521912344
0 0.5686005976095615 0.5956175298804779 0.0769422310756971 0.09163346613545813
0 0.40836653386454164 0.6284860557768922 0.07619521912350598 0.11752988047808766
0 0.5712151394422308 0.5333665338645416 0.09711155378486062 0.06872509960159359
0 0.3291832669322708 0.5891434262948204 0.0971115537848605 0.06872509960159359
0 0.3799800796812747 0.5453187250996014 0.09561752988047813 0.06872509960159359
0 0.48867031872509936 0.5637450199203186 0.07246015936254972 0.09960159362549796
0 0.40351095617529864 0.4546812749003983 0.09188247011952187 0.1005976095617528
0 0.567106573705179 0.4377490039840636 0.054531872509960076 0.1225099601593625
0 0.5118276892430277 0.4641434262948205 0.09038844621513938 0.07768924302788843
0 0.46439243027888427 0.5019920318725097 0.09412350597609563 0.06175298804780875
