0 0.5345285524568392 0.37226095617529864 0.07221115537848602 0.11371181938911021
0 0.48379399070385115 0.36977091633466125 0.07034362549800789 0.10873173970783537
0 0.5099394090305442 0.4789176626826028 0.0815488047808764 0.10292164674634792
0 0.5544488711819388 0.5884794156706505 0.08839641434262945 0.07802124833997338
0 0.6058059428950862 0.6378652058432933 0.10395916334661343 0.06723107569721126
0 0.49748920982735706 0.5283034528552455 0.0578934262948207 0.10043160690571042
0 0.4333706839309427 0.47269256308100915 0.05166832669322711 0.13197211155378485
0 0.452668492695883 0.5440737051792828 0.049178286852589646 0.14027224435590963
0 0.36551709827357226 0.61503984063745 0.05291334661354578 0.12284196547144761
0 0.36489458831341287 0.5058930942895085 0.09150896414342624 0.06059096945551119
