0 0.2981822709163346 0.534860557768924 0.11279880478087644 0.10159362549800781
0 0.4113545816733066 0.5249003984063744 0.11802788844621516 0.10358565737051781
0 0.5092131474103584 0.43326693227091617 0.09262948207171312 0.12151394422310749
0 0.6014691235059758 0.4611553784860556 0.10831673306772889 0.1235059760956175
0 0.5077191235059758 0.5418326693227089 0.09561752988047813 0.11752988047808749
0 0.5999750996015933 0.5941235059760954 0.07993027888446211 0.15039840637450186
0 0.6664591633466131 0.6553784860557766 0.07694223107569735 0.1394422310756972
0 0.531997011952191 0.7519920318725096 0.09636454183266938 0.08764940239043811
0 0.5159362549800794 0.6444223107569719 0.07619521912350585 0.13147410358565734
0 0.4307768924302787 0.6369521912350595 0.08366533864541836 0.12848605577689234
