0 0.44052052658929486 0.4014377273514636 0.07080374155551701 0.08747618222761129
0 0.48274294127836465 0.42525549974016963 0.060410531785899925 0.06409146024597273
0 0.5548458340550838 0.4378139615451237 0.06300883422830407 0.08401177897107209
0 0.608111034124372 0.44864022172180834 0.0513164732374848 0.08834228304174609
0 0.6360427853802181 0.5097003291183093 0.07080374155551701 0.0666897626883768
0 0.5415295340377618 0.5876494023904382 0.06106010739650103 0.06842196431664639
0 0.5051532998441016 0.49151221202147916 0.08444482937813957 0.06495756106010737
0 0.4824181534730641 0.5573358738957214 0.053265200069288095 0.09613719036895894
0 0.4129135631387492 0.6075697211155376 0.051966048848085894 0.11345920665165424
0 0.43012731681967764 0.5036376234193658 0.055213926901091386 0.10306599688203699
