0 0.45137631293009756 0.3911626222383192 0.05432814197754441 0.1014125316914161
0 0.5447528069540019 0.4468489677653022 0.04414161535675482 0.10050706265845695
0 0.494838826512133 0.4559036580948929 0.06111915972473731 0.08601955813111184
0 0.6299800796812746 0.49981890619340796 0.06926838102136894 0.07787033683448014
0 0.5552788844621511 0.5337739949293732 0.06247736327417604 0.07696486780152115
0 0.5637676566461424 0.6388084027526255 0.06451466859833388 0.075153929735603
0 0.5128350235421946 0.6293009779065553 0.04957442955450911 0.10503440782325238
0 0.4262495472654833 0.6234154291923213 0.06791017747193046 0.08058674393335742
0 0.43371966678739565 0.5283411807316187 0.07741760231800068 0.075153929735603
0 0.4992529880478085 0.5247193045997824 0.05229083665338632 0.07696486780152115
