0 0.46812749003984055 0.3473064264680408 0.07664992205092665 0.06928806513078119
0 0.424281136324268 0.41875974363415885 0.05391477567988907 0.07361856920145501
0 0.38303308505109984 0.38454876147583567 0.0740516196085225 0.05716265373289452
0 0.5369825047635544 0.4798198510306598 0.07015416594491604 0.07794907327212884
0 0.589922917027542 0.5222587909232633 0.050017322016282846 0.09353888792655454
0 0.5308115364628442 0.560367226745193 0.05521392690109126 0.0848778797852069
0 0.42525549974016963 0.5997748137883248 0.0688550147237137 0.07708297245799405
0 0.47040100467694423 0.5127316819677809 0.05391477567988919 0.07621687164385925
0 0.4077169582539406 0.5109994803395114 0.058461804954096634 0.09180668629828512
0 0.36971678503377786 0.5824527975056295 0.04611986835267626 0.09960159362549796
