0 0.5020916334661353 0.39840637450199184 0.053187250996015824 0.09243027888446212
0 0.5609561752988046 0.39999999999999986 0.05378486055776882 0.08286852589641427
0 0.588446215139442 0.46812749003984044 0.057370517928286825 0.08525896414342628
0 0.5274900398406372 0.4745019920318724 0.06215139442231083 0.07569721115537843
0 0.5277888446215138 0.5486055776892429 0.05916334661354583 0.07410358565737044
0 0.5606573705179281 0.6159362549800795 0.05079681274900407 0.07808764940239044
0 0.4895418326693225 0.6123505976095616 0.05557768924302783 0.07410358565737044
0 0.41663346613545804 0.59402390438247 0.05677290836653383 0.07410358565737044
0 0.46802788844621496 0.5007968127490038 0.061553784860557834 0.07250996015936242
0 0.4013944223107568 0.5310756972111552 0.05856573705179283 0.0693227091633466
