0 0.5420908956765527 0.4323446952929022 0.054227534307215525 0.07820569573557609
0 0.5963184299837683 0.510919285819684 0.052014165559982256 0.08041906448280961
0 0.6162387487088677 0.568835768038955 0.06086764054891534 0.07082779991146519
0 0.5703113472037772 0.6392946731592147 0.052014165559982256 0.08041906448280944
0 0.47568983325955416 0.657001623137081 0.05312084993359889 0.07451674782352055
0 0.5113804043086909 0.5780581378190937 0.04814077025232409 0.07894348531798727
0 0.5412608823963403 0.5146082337317394 0.06474103585657363 0.06861443116423183
0 0.44359598642467146 0.5057547587428063 0.05865427180168207 0.07746790615316508
0 0.4621329496827502 0.5935517190497268 0.053674192120407145 0.0759923269883429
0 0.40486203334808896 0.5935517190497267 0.061974324922532104 0.06566327283458748
