0 0.7254316069057104 0.496347941567065 0.10956175298804781 0.19920318725099592
0 0.6052871845949535 0.6100597609561752 0.1282370517928286 0.16766268260292166
0 0.5922144754316068 0.45816733067729076 0.15936254980079678 0.14940239043824705
0 0.44841467463479406 0.721281540504648 0.12325697211155379 0.17762284196547135
0 0.49012284196547135 0.5320385126162017 0.10458167330677288 0.2340637450199203
0 0.5144007304116865 0.3386454183266932 0.1456673306772907 0.12948207171314735
0 0.3656208499335989 0.6150398406374502 0.15189243027888455 0.12782204515272244
0 0.4085740371845949 0.2689243027888446 0.11827689243027886 0.16600265604249664
0 0.2784694555112881 0.37931606905710485 0.11205179282868527 0.22742363877822042
0 0.3799385790172642 0.46148738379814075 0.14317729083665337 0.1859229747675963
