0 0.3964696768481628 0.38899955732625047 0.08466135458167319 0.1184152279769809
0 0.42012505533421846 0.4697875166002655 0.07885126162018583 0.08742806551571493
0 0.47034085878707377 0.5135015493581229 0.06972111553784856 0.08853474988933152
0 0.5375719344842849 0.39951305887560856 0.061420982735723724 0.11288180610889777
0 0.5197266489597165 0.49634794156706497 0.0655710491367862 0.10956175298804781
0 0.4678508189464364 0.6014829570606461 0.08964143426294811 0.10513501549358127
0 0.5180666223992916 0.6534971226206284 0.0672310756972111 0.10292164674634792
0 0.5923528109783088 0.5284417884019476 0.08300132802124831 0.12062859672421425
0 0.6645639663567948 0.40559982293050006 0.07138114209827356 0.12062859672421425
0 0.5948428508189462 0.41500664010624155 0.06474103585657376 0.10624169986719786
