0 0.7309650287737934 0.6025896414342629 0.08466135458167319 0.11398849048251436
0 0.6907093846834881 0.5389552899513056 0.083831341301461 0.10845506861443122
0 0.606463036741921 0.6944444444444442 0.09296148738379816 0.11398849048251436
0 0.5193116423196102 0.6678840194776448 0.09462151394422304 0.13612217795484724
0 0.44004537405931815 0.5666223992917219 0.07885126162018583 0.09960159362549796
0 0.611858123063302 0.5727091633466135 0.07387118193891115 0.10956175298804781
0 0.5475320938468347 0.544488711819389 0.06806108897742366 0.1106684373616644
0 0.43506529437804325 0.43769366976538276 0.0672310756972111 0.12284196547144745
0 0.49607127047366073 0.4720008853474987 0.09296148738379816 0.12284196547144761
0 0.5969178840194774 0.4299468791500663 0.08715139442231078 0.10292164674634792
