0 0.48844097295030375 0.35751729922415587 0.07627385196057876 0.11532816104005024
0 0.39722688194590045 0.5132103166282237 0.08885510589222054 0.12266722583350798
0 0.4766460473893896 0.48385405745439275 0.06526525477039213 0.10379534493604523
0 0.5430907947158731 0.485426714195848 0.0786328370727615 0.11113440972950298
0 0.6205441392325433 0.4634095198154748 0.07941916544348908 0.09855315579786103
0 0.6468861396519184 0.5577689243027886 0.07391486684839602 0.09645628014258747
0 0.5792618997693434 0.5813587754246171 0.06762423988257488 0.11427972321241346
0 0.5139966449989513 0.6175298804780873 0.06762423988257488 0.11323128538477652
0 0.44676556930174016 0.5860767456489828 0.07312853847766819 0.1006500314531349
0 0.4420475990773745 0.6914447473264833 0.08885510589222054 0.10798909624659249
