0 0.5911769588313411 0.6059096945551127 0.06349601593625509 0.10624169986719786
0 0.5357735723771578 0.6279050464807435 0.04606573705179285 0.07885126162018583
0 0.4809926958831339 0.6445053120849932 0.0672310756972111 0.07221115537848594
0 0.5286147078353252 0.5253984063745019 0.06038346613545816 0.06142098273572364
0 0.538574867197875 0.46854249667994674 0.0578934262948207 0.0655710491367862
0 0.46356241699867184 0.5428286852589641 0.04855577689243031 0.08632138114209834
0 0.4122053452855244 0.542828685258964 0.0578934262948207 0.08466135458167327
0 0.374543492695883 0.48182270916334646 0.061005976095617497 0.0722111553784861
0 0.42776809428950846 0.4643924302788844 0.05664840637450203 0.06557104913678603
0 0.4302581341301459 0.40089641434262935 0.06536354581673297 0.0697211155378486
