0 0.5993417633812574 0.6144985276286159 0.05456435129049029 0.08920838385588088
0 0.5408799584271607 0.6625671228130954 0.04417114152087296 0.07968127490039843
0 0.4346743460938852 0.671228130954443 0.056513078122293336 0.08834228304174609
0 0.4590334314914254 0.4365148103239216 0.05716265373289443 0.10046769443963277
0 0.5194439632773253 0.46726138922570576 0.07145331716611811 0.07361856920145501
0 0.39959726312142724 0.5417460592412956 0.05391477567988919 0.08747618222761129
0 0.4564351290490211 0.5322189502858132 0.06755586350251176 0.08054737571453324
0 0.516845660834921 0.5486748657543737 0.058461804954096634 0.09267278711241975
0 0.49833275593279036 0.6205612333275591 0.05781222934349553 0.07708297245799405
0 0.441819677810497 0.5976095617529879 0.060410531785899925 0.06062705698943355
