0 0.4884628154050463 0.6777058432934926 0.061005976095617497 0.08549136786188573
0 0.45142347277556427 0.6083997343957501 0.05664840637450203 0.07636122177954832
0 0.4884628154050463 0.5552788844621512 0.06847609561752976 0.07802124833997338
0 0.638176460823373 0.5930444887118191 0.05166832669322686 0.08881142098273567
0 0.6042496679946876 0.5320385126162017 0.0672310756972111 0.07138114209827365
0 0.5460449867197873 0.5191733067729083 0.05540338645418336 0.10043160690571042
0 0.39384130146082325 0.49883798140770247 0.057270916334661366 0.08964143426294811
0 0.44924468791500655 0.4971779548472774 0.062250996015936165 0.08134130146082333
0 0.5270584329349268 0.4428120849933598 0.06349601593625497 0.07221115537848594
0 0.47290006640106225 0.4502822045152721 0.05229083665338644 0.07885126162018583
